2025-03-28 15:09:45.026543 - Received CBT.V508.FILE041.PDS from FILE041.XMI 
2025-03-28 15:09:45.027772 - Found $$$#DATE.txt (text/plain) in CBT.V508.FILE041.PDS, moved to PDS/$$$#DATE
2025-03-28 15:09:45.028434 - Found $ABSTRAC.txt (text/plain) in CBT.V508.FILE041.PDS, moved to PDS/$ABSTRAC
2025-03-28 15:09:45.028966 - Found $ASM1.jcl (text/plain) in CBT.V508.FILE041.PDS, moved to PDS/$ASM1
2025-03-28 15:09:45.029466 - Found $ASM4.jcl (text/plain) in CBT.V508.FILE041.PDS, moved to PDS/$ASM4
2025-03-28 15:09:45.030372 - Found $BACK1.jcl (text/plain) in CBT.V508.FILE041.PDS, moved to PDS/$BACK1
2025-03-28 15:09:45.031291 - Found $BACK4.jcl (text/plain) in CBT.V508.FILE041.PDS, moved to PDS/$BACK4
2025-03-28 15:09:45.032001 - Found $COMP.jcl (text/plain) in CBT.V508.FILE041.PDS, moved to PDS/$COMP
2025-03-28 15:09:45.032874 - Found $COPY.jcl (text/plain) in CBT.V508.FILE041.PDS, moved to PDS/$COPY
2025-03-28 15:09:45.033501 - Found $DESC.txt (text/plain) in CBT.V508.FILE041.PDS, moved to PDS/$DESC
2025-03-28 15:09:45.034161 - Found $DISCLMR.txt (text/plain) in CBT.V508.FILE041.PDS, moved to PDS/$DISCLMR
2025-03-28 15:09:45.034780 - Found $PREP1.jcl (text/plain) in CBT.V508.FILE041.PDS, moved to PDS/$PREP1
2025-03-28 15:09:45.035618 - Found $PREP4.jcl (text/plain) in CBT.V508.FILE041.PDS, moved to PDS/$PREP4
2025-03-28 15:09:45.036199 - Found $PRINT.jcl (text/plain) in CBT.V508.FILE041.PDS, moved to PDS/$PRINT
2025-03-28 15:09:45.036647 - Found $TEST1.bin (application/octet-stream) in CBT.V508.FILE041.PDS, moved to PDS/$TEST1
2025-03-28 15:09:45.037178 - Found $TEST4.jcl (text/plain) in CBT.V508.FILE041.PDS, moved to PDS/$TEST4
2025-03-28 15:09:45.038080 - Found $TURN1.jcl (text/plain) in CBT.V508.FILE041.PDS, moved to PDS/$TURN1
2025-03-28 15:09:45.038688 - Found $TURN4.jcl (text/plain) in CBT.V508.FILE041.PDS, moved to PDS/$TURN4
2025-03-28 15:09:45.039279 - Found $XFER.jcl (text/plain) in CBT.V508.FILE041.PDS, moved to PDS/$XFER
2025-03-28 15:09:45.039927 - Found @FILE041.txt (text/plain) in CBT.V508.FILE041.PDS, moved to PDS/@FILE041
2025-03-28 15:09:45.040570 - Found DFAULT.txt (text/plain) in CBT.V508.FILE041.PDS, moved to PDS/DFAULT
2025-03-28 15:09:45.041859 - Found END.txt (text/plain) in CBT.V508.FILE041.PDS, moved to PDS/END
2025-03-28 15:09:45.042590 - Found EXIT1A.txt (text/plain) in CBT.V508.FILE041.PDS, moved to PDS/EXIT1A
2025-03-28 15:09:45.043415 - Found EXIT1B.txt (text/plain) in CBT.V508.FILE041.PDS, moved to PDS/EXIT1B
2025-03-28 15:09:45.043962 - Found EXIT1MIT.txt (text/plain) in CBT.V508.FILE041.PDS, moved to PDS/EXIT1MIT
2025-03-28 15:09:45.044542 - Found EXIT1REG.txt (text/plain) in CBT.V508.FILE041.PDS, moved to PDS/EXIT1REG
2025-03-28 15:09:45.045363 - Found EXIT1TAB.txt (text/plain) in CBT.V508.FILE041.PDS, moved to PDS/EXIT1TAB
2025-03-28 15:09:45.046049 - Found EXIT15.txt (text/plain) in CBT.V508.FILE041.PDS, moved to PDS/EXIT15
2025-03-28 15:09:45.046648 - Found EXIT250.txt (text/plain) in CBT.V508.FILE041.PDS, moved to PDS/EXIT250
2025-03-28 15:09:45.047278 - Found EXIT4MIT.txt (text/plain) in CBT.V508.FILE041.PDS, moved to PDS/EXIT4MIT
2025-03-28 15:09:45.047781 - Found EXIT5.txt (text/plain) in CBT.V508.FILE041.PDS, moved to PDS/EXIT5
2025-03-28 15:09:45.048236 - Found GLOBAL.txt (text/plain) in CBT.V508.FILE041.PDS, moved to PDS/GLOBAL
2025-03-28 15:09:45.048988 - Found SH88.txt (text/plain) in CBT.V508.FILE041.PDS, moved to PDS/SH88
2025-03-28 15:09:45.086758 - Found STD.txt (text/plain) in CBT.V508.FILE041.PDS, moved to PDS/STD
2025-03-28 15:09:45.088099 - Found TESTQ.jcl (text/plain) in CBT.V508.FILE041.PDS, moved to PDS/TESTQ
2025-03-28 15:09:45.088991 - Found ZZ03821.txt (text/plain) in CBT.V508.FILE041.PDS, moved to PDS/ZZ03821
